# RD|Action Code|State Code|County Code|Site ID|Parameter|POC|Sample Duration|Unit|Method|Date|Start Time|Sample Value|Null Data Code|Sampling Frequency|Monitor Protocol (MP) ID|Qualifier - 1|Qualifier - 2|Qualifier - 3|Qualifier - 4|Qualifier - 5|Qualifier - 6|Qualifier - 7|Qualifier - 8|Qualifier - 9|Qualifier - 10|Alternate Method Detectable Limit|Uncertainty
# RC|Action Code|State Code|County Code|Site ID|Parameter|POC|Unit|Method|Year|Period|Number of Samples|Composite Type|Sample Value|Monitor Protocol (MP) ID|Qualifier - 1|Qualifier - 2|Qualifier - 3|Qualifier - 4|Qualifier - 5|Qualifier - 6|Qualifier - 7|Qualifier - 8|Qualifier - 9|Qualifier - 10|Alternate Method Detectable Limit|Uncertainty
RD|I|06|007|0002|88101|1|7|105|117|19981219|00:00|18||6|||||||||||||
RD|I|06|007|0002|88101|1|7|105|117|19981225|00:00|57||6|||||||||||||
RD|I|06|007|0002|88101|1|7|105|117|19981231|00:00|69||6|||||||||||||
RD|I|06|011|1002|88101|1|7|105|120|19981216|00:00|8||6|||||||||||||
RD|I|06|011|1002|88101|1|7|105|120|19981219|00:00||AF|6|||||||||||||
RD|I|06|011|1002|88101|1|7|105|120|19981222|00:00|7||6|||||||||||||
RD|I|06|011|1002|88101|1|7|105|120|19981225|00:00|37||6|||||||||||||
RD|I|06|011|1002|88101|1|7|105|120|19981231|00:00||AQ|6|||||||||||||
RD|I|06|057|0005|88101|1|7|105|117|19981230|00:00||AG|6|||||||||||||
RD|I|06|057|0005|88101|1|7|105|117|19981231|00:00||AF|6|||||||||||||
RD|I|06|061|0006|88101|1|7|105|117|19981231|00:00|63||6|||||||||||||
RD|I|06|067|0010|88101|1|7|105|120|19981213|00:00|69||3|||||||||||||
RD|I|06|067|0010|88101|1|7|105|120|19981216|00:00|45||3|||||||||||||
RD|I|06|067|0010|88101|1|7|105|120|19981219|00:00|14||3|||||||||||||
RD|I|06|067|0010|88101|1|7|105|120|19981222|00:00|26||3|||||||||||||
RD|I|06|067|0010|88101|1|7|105|120|19981225|00:00|83||3|||||||||||||
RD|I|06|067|0010|88101|1|7|105|120|19981228|00:00|96||3|||||||||||||
RD|I|06|067|0010|88101|1|7|105|120|19981231|00:00|59||3|||||||||||||
RD|I|06|089|0004|88101|1|7|105|117|19981219|00:00|10||6|||||||||||||
RD|I|06|089|0004|88101|1|7|105|117|19981225|00:00|50||6|||||||||||||
RD|I|06|089|0004|88101|1|7|105|117|19981231|00:00|34||6|||||||||||||
RD|I|06|101|0003|88101|1|7|105|117|19981219|00:00|11||6|||||||||||||
RD|I|06|101|0003|88101|1|7|105|117|19981225|00:00|56||6|||||||||||||
RD|I|06|101|0003|88101|1|7|105|117|19981231|00:00|66||6|||||||||||||
RD|I|06|101|0003|88101|2|7|105|117|19981219|00:00|11||6|||||||||||||
RD|I|06|101|0003|88101|2|7|105|117|19981225|00:00|55||6|||||||||||||
RD|I|06|101|0003|88101|2|7|105|117|19981231|00:00|69||6|||||||||||||
RD|I|16|001|0011|88101|1|7|105|117|19981110|00:00|11.1||3|||||||||||||
RD|I|16|001|0011|88101|1|7|105|117|19981113|00:00|16.0||3|||||||||||||
RD|I|16|001|0011|88101|1|7|105|117|19981116|00:00|10.0||3|||||||||||||
RD|I|16|001|0011|88101|1|7|105|117|19981119|00:00|17.5||3|||||||||||||
RD|I|16|001|0011|88101|1|7|105|117|19981122|00:00|5.2||3|||||||||||||
RD|I|16|001|0011|88101|1|7|105|117|19981125|00:00|3.4||3|||||||||||||
RD|I|16|001|0011|88101|1|7|105|117|19981128|00:00|14.2||3|||||||||||||
RD|I|16|001|0011|88101|1|7|105|117|19981201|00:00|4.3||3|||||||||||||
RD|I|16|001|0011|88101|1|7|105|117|19981204|00:00|6.3||3|||||||||||||
RD|I|16|001|0011|88101|1|7|105|117|19981207|00:00|7.8||3|||||||||||||
RD|I|16|001|0011|88101|1|7|105|117|19981210|00:00|15.0||3|||||||||||||
RD|I|16|001|0011|88101|1|7|105|117|19981213|00:00|14.6||3|||||||||||||
RD|I|16|001|0011|88101|1|7|105|117|19981216|00:00|34.2||3|||||||||||||
RD|I|16|001|0011|88101|1|7|105|117|19981219|00:00|8.1||3|||||||||||||
RD|I|16|001|0011|88101|1|7|105|117|19981223|00:00|24.6||3|||||||||||||
RD|I|16|001|0011|88101|1|7|105|117|19981225|00:00|27.5||3|||||||||||||
RD|I|16|001|0011|88101|1|7|105|117|19981228|00:00|10.5||3|||||||||||||
RD|I|16|001|0011|88101|1|7|105|117|19981231|00:00|11.4||3|||||||||||||
RD|I|16|005|0006|88101|1|7|105|117|19981113|00:00|6.8||6|||||||||||||
RD|I|16|005|0006|88101|1|7|105|117|19981119|00:00|12.1||6|||||||||||||
RD|I|16|005|0006|88101|1|7|105|117|19981125|00:00||AJ|6|||||||||||||
RD|I|16|005|0006|88101|1|7|105|117|19981201|00:00|4.8||6|||||||||||||
RD|I|16|005|0006|88101|1|7|105|117|19981207|00:00|5.6||6|||||||||||||
RD|I|16|005|0006|88101|1|7|105|117|19981213|00:00|31.9||6|||||||||||||
RD|I|16|005|0006|88101|1|7|105|117|19981219|00:00|8.3||6|||||||||||||
RD|I|16|005|0006|88101|1|7|105|117|19981225|00:00|13.4||6|||||||||||||
RD|I|16|005|0006|88101|1|7|105|117|19981231|00:00|12.3||6|||||||||||||
RD|I|16|005|0015|88101|1|7|105|117|19981110|00:00|5.2||3|||||||||||||
RD|I|16|005|0015|88101|1|7|105|117|19981111|10:00|7.6||3|||||||||||||
RD|I|16|005|0015|88101|1|7|105|117|19981116|00:00|9.1||3|||||||||||||
RD|I|16|005|0015|88101|1|7|105|117|19981117|10:00|8.8||3|||||||||||||
RD|I|16|005|0015|88101|1|7|105|117|19981122|00:00|4.5||3|||||||||||||
RD|I|16|005|0015|88101|1|7|105|117|19981123|10:00|5.3||3|||||||||||||
RD|I|16|005|0015|88101|1|7|105|117|19981128|00:00|7.7||3|||||||||||||
RD|I|16|005|0015|88101|1|7|105|117|19981201|00:00|5.0||3|||||||||||||
RD|I|16|005|0015|88101|1|7|105|117|19981204|00:00|3.1||3|||||||||||||
RD|I|16|005|0015|88101|1|7|105|117|19981207|00:00|5.5||3|||||||||||||
RD|I|16|005|0015|88101|1|7|105|117|19981210|00:00|33.9||3|||||||||||||
RD|I|16|005|0015|88101|1|7|105|117|19981213|00:00|21.6||3|||||||||||||
RD|I|16|005|0015|88101|1|7|105|117|19981216|00:00|43.5||3|||||||||||||
RD|I|16|005|0015|88101|1|7|105|117|19981219|00:00|7.3||3|||||||||||||
RD|I|16|005|0015|88101|1|7|105|117|19981222|00:00|96.5||3|||||||||||||
RD|I|16|005|0015|88101|1|7|105|117|19981223|00:00|42.4||3|||||||||||||
RD|I|16|005|0015|88101|1|7|105|117|19981225|00:00|13.9||3|||||||||||||
RD|I|16|005|0015|88101|1|7|105|117|19981228|00:00|3.4||3|||||||||||||
RD|I|16|005|0015|88101|1|7|105|117|19981231|00:00|14.4||3|||||||||||||
RD|I|16|017|0001|88101|1|7|105|117|19981110|00:00|28.8||3|||||||||||||
RD|I|16|017|0001|88101|1|7|105|117|19981113|00:00|10.7||3|||||||||||||
RD|I|16|017|0001|88101|1|7|105|117|19981116|00:00|11.1||3|||||||||||||
RD|I|16|017|0001|88101|1|7|105|117|19981119|00:00|17.8||3|||||||||||||
RD|I|16|017|0001|88101|1|7|105|117|19981122|00:00|5.4||3|||||||||||||
RD|I|16|017|0001|88101|1|7|105|117|19981125|00:00|20.9||3|||||||||||||
RD|I|16|017|0001|88101|1|7|105|117|19981128|00:00|11.1||3|||||||||||||
RD|I|16|017|0001|88101|1|7|105|117|19981201|00:00|8.1||3|||||||||||||
RD|I|16|017|0001|88101|1|7|105|117|19981204|00:00|12.5||3|||||||||||||
RD|I|16|017|0001|88101|1|7|105|117|19981207|00:00|9.3||3|||||||||||||
RD|I|16|017|0001|88101|1|7|105|117|19981210|00:00|16.6||3|||||||||||||
RD|I|16|017|0001|88101|1|7|105|117|19981213|00:00|14.0||3|||||||||||||
RD|I|16|017|0001|88101|1|7|105|117|19981216|00:00|21.9||3|||||||||||||
RD|I|16|017|0001|88101|1|7|105|117|19981219|00:00|5.4||3|||||||||||||
RD|I|16|017|0001|88101|1|7|105|117|19981222|00:00|18.8||3|||||||||||||
RD|I|16|017|0001|88101|1|7|105|117|19981225|00:00|9.1||3|||||||||||||
RD|I|16|017|0001|88101|1|7|105|117|19981228|00:00|5.6||3|||||||||||||
RD|I|16|017|0001|88101|1|7|105|117|19981231|00:00|7.0||3|||||||||||||
RD|I|16|027|0004|88101|1|7|105|117|19981101|00:00|16.5||3|||||||||||||
RD|I|16|027|0004|88101|1|7|105|117|19981104|00:00|12.7||3|||||||||||||
RD|I|16|027|0004|88101|1|7|105|117|19981107|00:00|30.8||3|||||||||||||
RD|I|16|027|0004|88101|1|7|105|117|19981110|00:00|9.6||3|||||||||||||
RD|I|16|027|0004|88101|1|7|105|117|19981113|00:00|11.7||3|||||||||||||
RD|I|16|027|0004|88101|1|7|105|117|19981116|00:00|9.3||3|||||||||||||
RD|I|16|027|0004|88101|1|7|105|117|19981119|00:00|12.8||3|||||||||||||
RD|I|16|027|0004|88101|1|7|105|117|19981122|00:00|3.5||3|||||||||||||
RD|I|16|027|0004|88101|1|7|105|117|19981125|00:00|4.5||3|||||||||||||
RD|I|16|027|0004|88101|1|7|105|117|19981128|00:00|10.9||3|||||||||||||
RD|I|16|027|0004|88101|1|7|105|117|19981201|00:00|8.0||3|||||||||||||
RD|I|16|027|0004|88101|1|7|105|117|19981204|00:00|4.6||3|||||||||||||
RD|I|16|027|0004|88101|1|7|105|117|19981207|00:00|6.2||3|||||||||||||
RD|I|16|027|0004|88101|1|7|105|117|19981210|00:00|14.8||3|||||||||||||
RD|I|16|027|0004|88101|1|7|105|117|19981213|00:00|10.6||3|||||||||||||
RD|I|16|027|0004|88101|1|7|105|117|19981216|00:00|34.3||3|||||||||||||
RD|I|16|027|0004|88101|1|7|105|117|19981219|00:00|6.4||3|||||||||||||
RD|I|16|027|0004|88101|1|7|105|117|19981222|00:00|22.3||3|||||||||||||
RD|I|16|027|0004|88101|1|7|105|117|19981225|00:00|28.4||3|||||||||||||
RD|I|16|027|0004|88101|1|7|105|117|19981228|00:00|5.0||3|||||||||||||
RD|I|16|027|0004|88101|1|7|105|117|19981231|00:00|8.5||3|||||||||||||
RD|I|16|027|0005|88101|1|7|105|117|19981207|00:00|8.4||6|||||||||||||
RD|I|16|027|0005|88101|1|7|105|117|19981213|00:00|14.7||6|||||||||||||
RD|I|16|027|0005|88101|1|7|105|117|19981219|00:00|6.0||6|||||||||||||
RD|I|16|027|0005|88101|1|7|105|117|19981225|00:00|29.3||6|||||||||||||
RD|I|16|027|0005|88101|1|7|105|117|19981231|00:00|13.0||6|||||||||||||
RD|I|16|083|0006|88101|1|7|105|117|19981213|00:00|3.2||6|||||||||||||
RD|I|16|083|0006|88101|1|7|105|117|19981219|00:00|4.9||6|||||||||||||
RD|I|16|083|0006|88101|1|7|105|117|19981225|00:00|4.7||6|||||||||||||
RD|I|16|083|0006|88101|1|7|105|117|19981231|00:00|1.6||6|||||||||||||
RD|I|17|031|0052|88101|1|7|105|120|19980105|00:00|11.5||6|||||||||||||
RD|I|17|031|0052|88101|1|7|105|120|19980111|00:00|10.2||6|||||||||||||
RD|I|17|031|0052|88101|1|7|105|120|19980117|00:00|38.1||6|||||||||||||
RD|I|17|031|0052|88101|1|7|105|120|19980123|00:00|45.8||6|||||||||||||
RD|I|17|031|0052|88101|1|7|105|120|19980129|00:00|22.9||6|||||||||||||
RD|I|17|031|0052|88101|1|7|105|120|19980204|00:00|13.9||6|||||||||||||
RD|I|17|031|0052|88101|1|7|105|120|19980210|00:00|24.5||6|||||||||||||
RD|I|17|031|0052|88101|1|7|105|120|19980216|00:00|26.0||6|||||||||||||
RD|I|17|031|0052|88101|1|7|105|120|19980222|00:00|30.3||6|||||||||||||
RD|I|17|031|0052|88101|1|7|105|120|19980228|00:00|18.2||6|||||||||||||
RD|I|17|031|0052|88101|1|7|105|120|19980306|00:00|25.2||6|||||||||||||
RD|I|17|031|0052|88101|1|7|105|120|19980312|00:00|22.3||6|||||||||||||
RD|I|17|031|0052|88101|1|7|105|120|19980318|00:00|33.7||6|||||||||||||
RD|I|17|031|0052|88101|1|7|105|120|19980324|00:00|17.7||6|||||||||||||
RD|I|17|031|0052|88101|1|7|105|120|19980330|00:00|16.3||6|||||||||||||
RD|I|17|031|0052|88101|1|7|105|120|19980402|00:00|9.1||1|||||||||||||
RD|I|17|031|0052|88101|1|7|105|120|19980403|00:00|7.0||1|||||||||||||
RD|I|17|031|0052|88101|1|7|105|120|19980404|00:00|2.1||1|||||||||||||
RD|I|17|031|0052|88101|1|7|105|120|19980405|00:00|3.6||1|||||||||||||
RD|I|17|031|0052|88101|1|7|105|120|19980406|00:00|14.9||1|||||||||||||
RD|I|17|031|0052|88101|1|7|105|120|19980407|00:00|27.6||1|||||||||||||
RD|I|17|031|0052|88101|1|7|105|120|19980408|00:00|22.7||1|||||||||||||
RD|I|17|031|0052|88101|1|7|105|120|19980409|00:00|14.3||1|||||||||||||
RD|I|17|031|0052|88101|1|7|105|120|19980410|00:00|11.9||1|||||||||||||
RD|I|17|031|0052|88101|1|7|105|120|19980411|00:00|17.4||1|||||||||||||
RD|I|17|031|0052|88101|1|7|105|120|19980415|00:00|23.6||1|||||||||||||
RD|I|17|031|0052|88101|1|7|105|120|19980416|00:00|8.5||1|||||||||||||
RD|I|17|031|0052|88101|1|7|105|120|19980417|00:00|13.5||1|||||||||||||
RD|I|17|031|0052|88101|1|7|105|120|19980418|00:00|16.1||1|||||||||||||
RD|I|17|031|0052|88101|1|7|105|120|19980419|00:00|20.0||1|||||||||||||
RD|I|17|031|0052|88101|1|7|105|120|19980423|00:00|19.5||1|||||||||||||
RD|I|17|031|0052|88101|1|7|105|120|19980424|00:00|16.8||1|||||||||||||
RD|I|17|031|0052|88101|1|7|105|120|19980425|00:00|23.2||1|||||||||||||
RD|I|17|031|0052|88101|1|7|105|120|19980426|00:00|18.4||1|||||||||||||
RD|I|17|031|0052|88101|1|7|105|120|19980427|00:00|8.5||1|||||||||||||
RD|I|17|031|0052|88101|1|7|105|120|19980428|00:00|18.2||1|||||||||||||
RD|I|17|031|0052|88101|1|7|105|120|19980429|00:00|27.9||1|||||||||||||
RD|I|17|031|0052|88101|1|7|105|120|19980430|00:00|39.4||1|||||||||||||
RD|I|17|031|0052|88101|1|7|105|120|19980501|00:00|35.4||1|||||||||||||
RD|I|17|031|0052|88101|1|7|105|120|19980502|00:00|33.3||1|||||||||||||
RD|I|17|031|0052|88101|1|7|105|120|19980503|00:00|19.3||1|||||||||||||
RD|I|17|031|0052|88101|1|7|105|120|19980504|00:00|18.9||1|||||||||||||
RD|I|17|031|0052|88101|1|7|105|120|19980505|00:00|25.9||1|||||||||||||
RD|I|17|031|0052|88101|1|7|105|120|19980506|00:00|23.9||1|||||||||||||
RD|I|17|031|0052|88101|1|7|105|120|19980507|00:00|32.1||1|||||||||||||
RD|I|17|031|0052|88101|1|7|105|120|19980508|00:00|16.9||1|||||||||||||
RD|I|17|031|0052|88101|1|7|105|120|19980509|00:00|7.9||1|||||||||||||
RD|I|17|031|0052|88101|1|7|105|120|19980510|00:00|6.6||1|||||||||||||
RD|I|17|031|0052|88101|1|7|105|120|19980511|00:00|11.4||1|||||||||||||
RD|I|17|031|0052|88101|1|7|105|120|19980512|00:00|23.5||1|||||||||||||
RD|I|17|031|0052|88101|1|7|105|120|19980513|00:00|15.6||1|||||||||||||
RD|I|17|031|0052|88101|1|7|105|120|19980514|00:00|26.2||1|||||||||||||
RD|I|17|031|0052|88101|1|7|105|120|19980515|00:00|56.5||1|||||||||||||
RD|I|17|031|0052|88101|1|7|105|120|19980516|00:00|7.3||1|||||||||||||
RD|I|17|031|0052|88101|1|7|105|120|19980517|00:00|9.8||1|||||||||||||
RD|I|17|031|0052|88101|1|7|105|120|19980518|00:00|13.2||1|||||||||||||
RD|I|17|031|0052|88101|1|7|105|120|19980519|00:00|25.9||1|||||||||||||
RD|I|17|031|0052|88101|1|7|105|120|19980520|00:00|12.2||1|||||||||||||
RD|I|17|031|0052|88101|1|7|105|120|19980521|00:00|5.7||1|||||||||||||
RD|I|17|031|0052|88101|1|7|105|120|19980522|00:00|9.0||1|||||||||||||
RD|I|17|031|0052|88101|1|7|105|120|19980523|00:00|8.8||1|||||||||||||
RD|I|17|031|0052|88101|1|7|105|120|19980524|00:00|19.4||1|||||||||||||
RD|I|17|031|0052|88101|1|7|105|120|19980525|00:00|11.6||1|||||||||||||
RD|I|17|031|0052|88101|1|7|105|120|19980526|00:00|27.7||1|||||||||||||
RD|I|17|031|0052|88101|1|7|105|120|19980527|00:00|29.5||1|||||||||||||
RD|I|17|031|0052|88101|1|7|105|120|19980528|00:00|25.6||1|||||||||||||
RD|I|17|031|0052|88101|1|7|105|120|19980529|00:00|11.8||1|||||||||||||
RD|I|17|031|0052|88101|1|7|105|120|19980530|00:00|18.9||1|||||||||||||
RD|I|17|031|0052|88101|1|7|105|120|19980531|00:00|10.4||1|||||||||||||
RD|I|17|031|0052|88101|1|7|105|120|19980601|00:00|10.0||1|||||||||||||
RD|I|17|031|0052|88101|1|7|105|120|19980602|00:00|7.8||1|||||||||||||
RD|I|17|031|0052|88101|1|7|105|120|19980603|00:00|7.1||1|||||||||||||
RD|I|17|031|0052|88101|1|7|105|120|19980604|00:00|4.9||1|||||||||||||
RD|I|17|031|0052|88101|1|7|105|120|19980605|00:00|9.4||1|||||||||||||
RD|I|17|031|0052|88101|1|7|105|120|19980606|00:00|11.8||1|||||||||||||
RD|I|17|031|0052|88101|1|7|105|120|19980607|00:00|8.4||1|||||||||||||
RD|I|17|031|0052|88101|1|7|105|120|19980608|00:00|19.0||1|||||||||||||
RD|I|17|031|0052|88101|1|7|105|120|19980609|00:00|33.8||1|||||||||||||
RD|I|17|031|0052|88101|1|7|105|120|19980610|00:00|29.1||1|||||||||||||
RD|I|17|031|0052|88101|1|7|105|120|19980611|00:00|23.1||1|||||||||||||
RD|I|17|031|0052|88101|1|7|105|120|19980612|00:00|11.7||1|||||||||||||
RD|I|17|031|0052|88101|1|7|105|120|19980613|00:00|15.5||1|||||||||||||
RD|I|17|031|0052|88101|1|7|105|120|19980614|00:00|20.0||1|||||||||||||
RD|I|17|031|0052|88101|1|7|105|120|19980615|00:00|19.4||1|||||||||||||
RD|I|17|031|0052|88101|1|7|105|120|19980616|00:00|15.9||1|||||||||||||
RD|I|17|031|0052|88101|1|7|105|120|19980617|00:00|20.3||1|||||||||||||
RD|I|17|031|0052|88101|1|7|105|120|19980618|00:00|22.0||1|||||||||||||
RD|I|17|031|0052|88101|1|7|105|120|19980619|00:00|9.7||1|||||||||||||
RD|I|17|031|0052|88101|1|7|105|120|19980620|00:00|16.7||1|||||||||||||
RD|I|17|031|0052|88101|1|7|105|120|19980621|00:00|13.7||1|||||||||||||
RD|I|17|031|0052|88101|1|7|105|120|19980622|00:00|13.3||1|||||||||||||
RD|I|17|031|0052|88101|1|7|105|120|19980623|00:00|15.7||1|||||||||||||
RD|I|17|031|0052|88101|1|7|105|120|19980624|00:00|25.4||1|||||||||||||
RD|I|17|031|0052|88101|1|7|105|120|19980625|00:00|21.3||1|||||||||||||
RD|I|17|031|0052|88101|1|7|105|120|19980626|00:00|15.6||1|||||||||||||
RD|I|17|031|0052|88101|1|7|105|120|19980627|00:00|21.4||1|||||||||||||
RD|I|17|031|0052|88101|1|7|105|120|19980628|00:00|10.7||1|||||||||||||
RD|I|17|031|0052|88101|1|7|105|120|19980629|00:00|14.6||1|||||||||||||
RD|I|17|031|0052|88101|1|7|105|120|19980630|00:00|9.1||1|||||||||||||
RD|I|17|031|0052|88101|1|7|105|120|19980701|00:00|22.1||1|||||||||||||
RD|I|17|031|0052|88101|1|7|105|120|19980702|00:00|25.7||1|||||||||||||
RD|I|17|031|0052|88101|1|7|105|120|19980703|00:00|21.6||1|||||||||||||
RD|I|17|031|0052|88101|1|7|105|120|19980704|00:00|15.1||1|||||||||||||
RD|I|17|031|0052|88101|1|7|105|120|19980705|00:00|8.2||1|||||||||||||
RD|I|17|031|0052|88101|1|7|105|120|19980706|00:00|24.4||1|||||||||||||
RD|I|17|031|0052|88101|1|7|105|120|19980707|00:00|18.8||1|||||||||||||
RD|I|17|031|0052|88101|1|7|105|120|19980708|00:00|14.7||1|||||||||||||
RD|I|17|031|0052|88101|1|7|105|120|19980709|00:00|25.4||1|||||||||||||
RD|I|17|031|0052|88101|1|7|105|120|19980710|00:00|18.2||1|||||||||||||
RD|I|17|031|0052|88101|1|7|105|120|19980711|00:00|13.5||1|||||||||||||
RD|I|17|031|0052|88101|1|7|105|120|19980712|00:00|19.8||1|||||||||||||
RD|I|17|031|0052|88101|1|7|105|120|19980713|00:00|30.3||1|||||||||||||
RD|I|17|031|0052|88101|1|7|105|120|19980714|00:00|41.4||1|||||||||||||
RD|I|17|031|0052|88101|1|7|105|120|19980715|00:00|32.6||1|||||||||||||
RD|I|17|031|0052|88101|1|7|105|120|19980722|00:00|9.8||1|||||||||||||
RD|I|17|031|0052|88101|1|7|105|120|19980723|00:00|13.7||1|||||||||||||
RD|I|17|031|0052|88101|1|7|105|120|19980724|00:00|8.5||1|||||||||||||
RD|I|17|031|0052|88101|1|7|105|120|19980725|00:00|11.3||1|||||||||||||
RD|I|17|031|0052|88101|1|7|105|120|19980726|00:00|11.6||1|||||||||||||
RD|I|17|031|0052|88101|1|7|105|120|19980727|00:00|25.2||1|||||||||||||
RD|I|17|031|0052|88101|1|7|105|120|19980728|00:00|6.6||1|||||||||||||
RD|I|17|031|0052|88101|1|7|105|120|19980729|00:00|16.0||1|||||||||||||
RD|I|17|031|0052|88101|1|7|105|120|19980730|00:00|16.8||1|||||||||||||
RD|I|17|031|0052|88101|1|7|105|120|19980731|00:00|13.9||1|||||||||||||
RD|I|17|031|0052|88101|1|7|105|120|19980801|00:00|11.8||1|||||||||||||
RD|I|17|031|0052|88101|1|7|105|120|19980802|00:00|11.6||1|||||||||||||
RD|I|17|031|0052|88101|1|7|105|120|19980803|00:00|39.9||1|||||||||||||
RD|I|17|031|0052|88101|1|7|105|120|19980804|00:00|16.0||1|||||||||||||
RD|I|17|031|0052|88101|1|7|105|120|19980812|00:00|20.7||1|||||||||||||
RD|I|17|031|0052|88101|1|7|105|120|19980813|00:00|22.9||1|||||||||||||
RD|I|17|031|0052|88101|1|7|105|120|19980814|00:00|28.4||1|||||||||||||
RD|I|17|031|0052|88101|1|7|105|120|19980815|00:00|14.8||1|||||||||||||
RD|I|17|031|0052|88101|1|7|105|120|19980816|00:00|16.4||1|||||||||||||
RD|I|17|031|0052|88101|1|7|105|120|19980817|00:00|29.0||1|||||||||||||
RD|I|17|031|0052|88101|1|7|105|120|19980818|00:00|8.8||1|||||||||||||
RD|I|17|031|0052|88101|1|7|105|120|19980819|00:00|16.0||1|||||||||||||
RD|I|17|031|0052|88101|1|7|105|120|19980820|00:00|24.4||1|||||||||||||
RD|I|17|031|0052|88101|1|7|105|120|19980821|00:00|31.2||1|||||||||||||
RD|I|17|031|0052|88101|1|7|105|120|19980822|00:00|21.3||1|||||||||||||
RD|I|17|031|0052|88101|1|7|105|120|19980823|00:00|39.6||1|||||||||||||
RD|I|17|031|0052|88101|1|7|105|120|19980824|00:00|23.4||1|||||||||||||
RD|I|17|031|0052|88101|1|7|105|120|19980825|00:00|13.2||1|||||||||||||
RD|I|17|031|0052|88101|1|7|105|120|19980826|00:00|14.8||1|||||||||||||
RD|I|17|031|0052|88101|1|7|105|120|19980827|00:00|16.1||1|||||||||||||
RD|I|17|031|0052|88101|1|7|105|120|19980828|00:00|21.5||1|||||||||||||
RD|I|17|031|0052|88101|1|7|105|120|19980829|00:00|11.3||1|||||||||||||
RD|I|17|031|0052|88101|1|7|105|120|19980830|00:00|7.2||1|||||||||||||
RD|I|17|031|0052|88101|1|7|105|120|19980831|00:00|8.6||1|||||||||||||
RD|I|17|031|0052|88101|1|7|105|120|19980901|00:00|14.3||1|||||||||||||
RD|I|17|031|0052|88101|1|7|105|120|19980902|00:00|22.4||1|||||||||||||
RD|I|17|031|0052|88101|1|7|105|120|19980903|00:00|19.3||1|||||||||||||
RD|I|17|031|0052|88101|1|7|105|120|19980904|00:00|14.7||1|||||||||||||
RD|I|17|031|0052|88101|1|7|105|120|19980905|00:00|27.3||1|||||||||||||
RD|I|17|031|0052|88101|1|7|105|120|19980906|00:00|31.5||1|||||||||||||
RD|I|17|031|0052|88101|1|7|105|120|19980907|00:00|10.3||1|||||||||||||
RD|I|17|031|0052|88101|1|7|105|120|19980908|00:00|5.3||1|||||||||||||
RD|I|17|031|0052|88101|1|7|105|120|19980909|00:00|7.4||1|||||||||||||
RD|I|17|031|0052|88101|1|7|105|120|19980910|00:00|14.8||1|||||||||||||
RD|I|17|031|0052|88101|1|7|105|120|19980911|00:00|21.7||1|||||||||||||
RD|I|17|031|0052|88101|1|7|105|120|19980912|00:00|24.5||1|||||||||||||
RD|I|17|031|0052|88101|1|7|105|120|19980913|00:00|28.1||1|||||||||||||
RD|I|17|031|0052|88101|1|7|105|120|19980914|00:00|28.3||1|||||||||||||
RD|I|17|031|0052|88101|1|7|105|120|19980915|00:00|11.2||1|||||||||||||
RD|I|17|031|0052|88101|1|7|105|120|19980916|00:00|12.9||1|||||||||||||
RD|I|17|031|0052|88101|1|7|105|120|19980917|00:00|15.3||1|||||||||||||
RD|I|17|031|0052|88101|1|7|105|120|19980918|00:00|20.9||1|||||||||||||
RD|I|17|031|0052|88101|1|7|105|120|19980919|00:00|33.7||1|||||||||||||
RD|I|17|031|0052|88101|1|7|105|120|19980920|00:00|31.0||1|||||||||||||
RD|I|17|031|0052|88101|1|7|105|120|19980921|00:00|5.5||1|||||||||||||
RD|I|17|031|0052|88101|1|7|105|120|19980922|00:00|4.6||1|||||||||||||
RD|I|17|031|0052|88101|1|7|105|120|19980923|00:00|9.9||1|||||||||||||
RD|I|17|031|0052|88101|1|7|105|120|19980924|00:00|21.3||1|||||||||||||
RD|I|17|031|0052|88101|1|7|105|120|19980925|00:00|31.6||1|||||||||||||
RD|I|17|031|0052|88101|1|7|105|120|19980926|00:00|28.8||1|||||||||||||
RD|I|17|031|0052|88101|1|7|105|120|19980927|00:00|19.2||1|||||||||||||
RD|I|17|031|0052|88101|1|7|105|120|19980928|00:00|9.4||1|||||||||||||
RD|I|17|031|0052|88101|1|7|105|120|19980929|00:00|21.3||1|||||||||||||
RD|I|17|031|0052|88101|1|7|105|120|19980930|00:00|17.7||1|||||||||||||
RD|I|17|031|0052|88101|1|7|105|120|19981001|00:00|5.1||1|||||||||||||
RD|I|17|031|0052|88101|1|7|105|120|19981002|00:00|7.9||1|||||||||||||
RD|I|17|031|0052|88101|1|7|105|120|19981003|00:00|7.1||1|||||||||||||
RD|I|17|031|0052|88101|1|7|105|120|19981004|00:00|8.4||1|||||||||||||
RD|I|17|031|0052|88101|1|7|105|120|19981005|00:00|32.5||1|||||||||||||
RD|I|17|031|0052|88101|1|7|105|120|19981006|00:00|9.3||1|||||||||||||
RD|I|17|031|0052|88101|1|7|105|120|19981007|00:00|7.3||1|||||||||||||
RD|I|17|031|0052|88101|1|7|105|120|19981008|00:00|5.1||1|||||||||||||
RD|I|17|031|0052|88101|1|7|105|120|19981009|00:00|16.3||1|||||||||||||
RD|I|17|031|0052|88101|1|7|105|120|19981010|00:00|26.4||1|||||||||||||
RD|I|17|031|0052|88101|1|7|105|120|19981011|00:00|30.9||1|||||||||||||
RD|I|17|031|0052|88101|1|7|105|120|19981012|00:00|18.1||1|||||||||||||
RD|I|17|031|0052|88101|1|7|105|120|19981013|00:00|6.9||1|||||||||||||
RD|I|17|031|0052|88101|1|7|105|120|19981014|00:00|6.3||1|||||||||||||
RD|I|17|031|0052|88101|1|7|105|120|19981015|00:00|14.8||1|||||||||||||
RD|I|17|031|0052|88101|1|7|105|120|19981016|00:00|24.9||1|||||||||||||
RD|I|17|031|0052|88101|1|7|105|120|19981017|00:00|32.2||1|||||||||||||
RD|I|17|031|0052|88101|1|7|105|120|19981018|00:00|6.3||1|||||||||||||
RD|I|17|031|0052|88101|1|7|105|120|19981019|00:00|9.0||1|||||||||||||
RD|I|17|031|0052|88101|1|7|105|120|19981020|00:00|7.3||1|||||||||||||
RD|I|17|031|0052|88101|1|7|105|120|19981024|00:00|18.2||1|||||||||||||
RD|I|17|031|0052|88101|1|7|105|120|19981025|00:00|23.8||1|||||||||||||
RD|I|17|031|0052|88101|1|7|105|120|19981026|00:00|28.6||1|||||||||||||
RD|I|17|031|0052|88101|1|7|105|120|19981027|00:00|36.1||1|||||||||||||
RD|I|17|031|0052|88101|1|7|105|120|19981028|00:00|11.7||1|||||||||||||
RD|I|17|031|0052|88101|1|7|105|120|19981029|00:00|29.0||1|||||||||||||
RD|I|17|031|0052|88101|1|7|105|120|19981030|00:00|41.0||1|||||||||||||
RD|I|17|031|0052|88101|1|7|105|120|19981031|00:00|11.5||1|||||||||||||
RD|I|17|031|0052|88101|1|7|105|120|19981101|00:00|5.8||1|||||||||||||
RD|I|17|031|0052|88101|1|7|105|120|19981102|00:00|5.5||1|||||||||||||
RD|I|17|031|0052|88101|1|7|105|120|19981103|00:00|3.7||1|||||||||||||
RD|I|17|031|0052|88101|1|7|105|120|19981104|00:00|10.2||1|||||||||||||
RD|I|17|031|0052|88101|1|7|105|120|19981105|00:00|10.8||1|||||||||||||
RD|I|17|031|0052|88101|1|7|105|120|19981106|00:00|13.5||1|||||||||||||
RD|I|17|031|0052|88101|1|7|105|120|19981107|00:00|21.7||1|||||||||||||
RD|I|17|031|0052|88101|1|7|105|120|19981108|00:00|33.7||1|||||||||||||
RD|I|17|031|0052|88101|1|7|105|120|19981109|00:00|36.5||1|||||||||||||
RD|I|17|031|0052|88101|1|7|105|120|19981110|00:00|9.8||1|||||||||||||
RD|I|17|031|0052|88101|1|7|105|120|19981111|00:00|11.3||1|||||||||||||
RD|I|17|031|0052|88101|1|7|105|120|19981112|00:00|19.4||1|||||||||||||
RD|I|17|031|0052|88101|1|7|105|120|19981113|00:00|22.6||1|||||||||||||
RD|I|17|031|0052|88101|1|7|105|120|19981114|00:00|16.6||1|||||||||||||
RD|I|17|031|0052|88101|1|7|105|120|19981115|00:00|15.1||1|||||||||||||
RD|I|17|031|0052|88101|1|7|105|120|19981116|00:00|23.5||1|||||||||||||
RD|I|17|031|0052|88101|1|7|105|120|19981117|00:00|18.9||1|||||||||||||
RD|I|17|031|0052|88101|1|7|105|120|19981118|00:00|24.1||1|||||||||||||
RD|I|17|031|0052|88101|1|7|105|120|19981119|00:00|14.1||1|||||||||||||
RD|I|17|031|0052|88101|1|7|105|120|19981120|00:00|14.8||1|||||||||||||
RD|I|17|031|0052|88101|1|7|105|120|19981121|00:00|16.5||1|||||||||||||
RD|I|17|031|0052|88101|1|7|105|120|19981122|00:00|11.7||1|||||||||||||
RD|I|17|031|0052|88101|1|7|105|120|19981123|00:00|10.9||1|||||||||||||
RD|I|17|031|0052|88101|1|7|105|120|19981124|00:00|17.6||1|||||||||||||
RD|I|17|031|0052|88101|1|7|105|120|19981128|00:00|28.0||1|||||||||||||
RD|I|17|031|0052|88101|1|7|105|120|19981129|00:00|31.7||1|||||||||||||
RD|I|17|031|0052|88101|1|7|105|120|19981130|00:00|25.1||1|||||||||||||
RD|I|17|031|0052|88101|1|7|105|120|19981201|00:00|15.0||1|||||||||||||
RD|I|17|031|0052|88101|1|7|105|120|19981202|00:00|14.8||1|||||||||||||
RD|I|17|031|0052|88101|1|7|105|120|19981203|00:00|22.9||1|||||||||||||
RD|I|17|031|0052|88101|1|7|105|120|19981204|00:00|31.6||1|||||||||||||
RD|I|17|031|0052|88101|1|7|105|120|19981205|00:00|23.9||1|||||||||||||
RD|I|17|031|0052|88101|1|7|105|120|19981206|00:00|15.6||1|||||||||||||
RD|I|17|031|0052|88101|1|7|105|120|19981207|00:00|8.1||1|||||||||||||
RD|I|17|031|0052|88101|1|7|105|120|19981208|00:00|24.9||1|||||||||||||
RD|I|17|031|0052|88101|1|7|105|120|19981209|00:00|20.7||1|||||||||||||
RD|I|17|031|0052|88101|1|7|105|120|19981210|00:00|23.0||1|||||||||||||
RD|I|17|031|0052|88101|1|7|105|120|19981211|00:00|15.0||1|||||||||||||
RD|I|17|031|0052|88101|1|7|105|120|19981212|00:00|18.0||1|||||||||||||
RD|I|17|031|0052|88101|1|7|105|120|19981213|00:00|16.6||1|||||||||||||
RD|I|17|031|0052|88101|1|7|105|120|19981214|00:00|22.9||1|||||||||||||
RD|I|17|031|0052|88101|1|7|105|120|19981217|00:00|14.2||1|||||||||||||
RD|I|17|031|0052|88101|1|7|105|120|19981218|00:00|14.3||1|||||||||||||
RD|I|17|031|0052|88101|1|7|105|120|19981219|00:00|16.6||1|||||||||||||
RD|I|17|031|0052|88101|1|7|105|120|19981220|00:00|19.2||1|||||||||||||
RD|I|17|031|0052|88101|1|7|105|120|19981221|00:00|22.6||1|||||||||||||
RD|I|17|031|0052|88101|1|7|105|120|19981222|00:00|14.8||1|||||||||||||
RD|I|17|031|0052|88101|1|7|105|120|19981223|00:00|15.8||1|||||||||||||
RD|I|17|031|0052|88101|1|7|105|120|19981224|00:00|11.0||1|||||||||||||
RD|I|17|031|4201|88101|1|7|105|120|19980123|00:00|22.1||6|||||||||||||
RD|I|17|031|4201|88101|1|7|105|120|19980129|00:00|19.9||6|||||||||||||
RD|I|17|031|4201|88101|1|7|105|120|19980210|00:00|34.5||6|||||||||||||
RD|I|17|031|4201|88101|1|7|105|120|19980216|00:00|19.1||6|||||||||||||
RD|I|17|031|4201|88101|1|7|105|120|19980222|00:00|25.2||6|||||||||||||
RD|I|17|031|4201|88101|1|7|105|120|19980228|00:00|14.8||6|||||||||||||
RD|I|17|031|4201|88101|1|7|105|120|19980306|00:00|14.0||6|||||||||||||
RD|I|17|031|4201|88101|1|7|105|120|19980312|00:00|15.5||6|||||||||||||
RD|I|17|031|4201|88101|1|7|105|120|19980318|00:00|19.1||6|||||||||||||
RD|I|17|031|4201|88101|1|7|105|120|19980324|00:00|14.2||6|||||||||||||
RD|I|17|031|4201|88101|1|7|105|120|19980330|00:00|14.9||6|||||||||||||
RD|I|17|031|4201|88101|1|7|105|120|19980405|00:00|9.2||6|||||||||||||
RD|I|17|031|4201|88101|1|7|105|120|19980411|00:00|16.5||6|||||||||||||
RD|I|17|031|4201|88101|1|7|105|120|19980417|00:00|9.6||6|||||||||||||
RD|I|17|031|4201|88101|1|7|105|120|19980423|00:00|17.5||6|||||||||||||
RD|I|17|031|4201|88101|1|7|105|120|19980429|00:00|31.0||6|||||||||||||
RD|I|17|031|4201|88101|1|7|105|120|19980505|00:00|30.1||6|||||||||||||
RD|I|17|031|4201|88101|1|7|105|120|19980511|00:00|12.1||6|||||||||||||
RD|I|17|031|4201|88101|1|7|105|120|19980517|00:00|11.4||6|||||||||||||
RD|I|17|031|4201|88101|1|7|105|120|19980523|00:00|11.4||6|||||||||||||
RD|I|17|031|4201|88101|1|7|105|120|19980529|00:00|12.8||6|||||||||||||
RD|I|17|031|4201|88101|1|7|105|120|19980604|00:00|8.8||6|||||||||||||
RD|I|17|031|4201|88101|1|7|105|120|19980610|00:00|25.2||6|||||||||||||
RD|I|17|031|4201|88101|1|7|105|120|19980616|00:00|12.3||6|||||||||||||
RD|I|17|031|4201|88101|1|7|105|120|19980622|00:00|11.8||6|||||||||||||
RD|I|17|031|4201|88101|1|7|105|120|19980628|00:00|12.2||6|||||||||||||
RD|I|17|031|4201|88101|1|7|105|120|19980704|00:00|15.4||6|||||||||||||
RD|I|17|031|4201|88101|1|7|105|120|19980710|00:00|23.0||6|||||||||||||
RD|I|17|031|4201|88101|1|7|105|120|19980728|00:00|16.1||6|||||||||||||
RD|I|17|031|4201|88101|1|7|105|120|19980803|00:00|32.9||6|||||||||||||
RD|I|17|031|4201|88101|1|7|105|120|19980809|00:00|32.5||6|||||||||||||
RD|I|17|031|4201|88101|1|7|105|120|19980815|00:00|13.1||6|||||||||||||
RD|I|17|031|4201|88101|1|7|105|120|19980821|00:00|27.4||6|||||||||||||
RD|I|17|031|4201|88101|1|7|105|120|19980827|00:00|21.8||6|||||||||||||
RD|I|17|031|4201|88101|1|7|105|120|19980902|00:00|25.9||6|||||||||||||
RD|I|17|031|4201|88101|1|7|105|120|19980908|00:00|5.0||6|||||||||||||
RD|I|17|031|4201|88101|1|7|105|120|19980914|00:00|24.6||6|||||||||||||
RD|I|17|031|4201|88101|1|7|105|120|19980920|00:00|29.6||6|||||||||||||
RD|I|17|031|4201|88101|1|7|105|120|19980926|00:00|30.5||6|||||||||||||
RD|I|17|031|4201|88101|1|7|105|120|19981002|00:00|7.2||6|||||||||||||
RD|I|17|031|4201|88101|1|7|105|120|19981008|00:00|5.2||6|||||||||||||
RD|I|17|031|4201|88101|1|7|105|120|19981014|00:00|6.6||6|||||||||||||
RD|I|17|031|4201|88101|1|7|105|120|19981020|00:00|5.6||6|||||||||||||
RD|I|17|031|4201|88101|1|7|105|120|19981101|00:00|5.3||6|||||||||||||
RD|I|17|031|4201|88101|1|7|105|120|19981107|00:00|20.8||6|||||||||||||
RD|I|17|031|4201|88101|1|7|105|120|19981113|00:00|18.4||6|||||||||||||
RD|I|17|031|4201|88101|1|7|105|120|19981119|00:00|11.8||6|||||||||||||
RD|I|17|031|4201|88101|1|7|105|120|19981125|00:00|14.7||6|||||||||||||
RD|I|17|031|4201|88101|1|7|105|120|19981201|00:00|20.7||6|||||||||||||
RD|I|17|031|4201|88101|1|7|105|120|19981207|00:00|15.5||6|||||||||||||
RD|I|17|031|4201|88101|1|7|105|120|19981213|00:00|22.4||6|||||||||||||
RD|I|17|031|4201|88101|1|7|105|120|19981219|00:00|18.9||6|||||||||||||
RD|I|17|031|4201|88101|1|7|105|120|19981225|00:00|11.8||6|||||||||||||
RD|I|17|031|4201|88101|1|7|105|120|19981231|00:00|20.4||6|||||||||||||
RD|I|45|079|0019|88101|1|7|105|118|19981126|00:00||AM|3|||||||||||||
RD|I|45|079|0019|88101|1|7|105|118|19981128|00:00||AM|3|||||||||||||
RD|I|45|079|0019|88101|2|7|105|118|19981126|00:00||AM|6|||||||||||||
RD|I|53|063|9000|88101|1|7|105|117|19981113|00:00|10.9||3|||||||||||||
RD|I|53|063|9000|88101|1|7|105|117|19981119|00:00|13.5||3|||||||||||||
RD|I|53|063|9000|88101|1|7|105|117|19981125|00:00|4.2||3|||||||||||||
RD|I|53|063|9000|88101|1|7|105|117|19981201|00:00|3.8||6|||||||||||||
RD|I|53|063|9000|88101|1|7|105|117|19981207|00:00|3.8||6|||||||||||||
RD|I|53|063|9000|88101|1|7|105|117|19981213|00:00|3.8||6|||||||||||||
RD|I|53|063|9000|88101|1|7|105|117|19981219|00:00|4.7||6|||||||||||||
RD|I|53|063|9000|88101|1|7|105|117|19981225|00:00|11.8||6|||||||||||||
RD|I|53|063|9000|88101|1|7|105|117|19981231|00:00|5.4||6|||||||||||||
RD|I|55|059|0019|88101|1|7|105|117|19980105|00:00|7||6|||||||||||||
RD|I|55|059|0019|88101|1|7|105|117|19980111|00:00|12||6|||||||||||||
RD|I|55|059|0019|88101|1|7|105|117|19980117|00:00|27||6|||||||||||||
RD|I|55|059|0019|88101|1|7|105|117|19980123|00:00|25||6|||||||||||||
RD|I|55|059|0019|88101|1|7|105|117|19980129|00:00|22||6|||||||||||||
RD|I|55|059|0019|88101|1|7|105|117|19980204|00:00|6||6|||||||||||||
RD|I|55|059|0019|88101|1|7|105|117|19980210|00:00|29||6|||||||||||||
RD|I|55|059|0019|88101|1|7|105|117|19980216|00:00|21||6|||||||||||||
RD|I|55|059|0019|88101|1|7|105|117|19980222|00:00|16||6|||||||||||||
RD|I|55|059|0019|88101|1|7|105|117|19980228|00:00|12||6|||||||||||||
RD|I|55|059|0019|88101|1|7|105|117|19980306|00:00|18||6|||||||||||||
RD|I|55|059|0019|88101|1|7|105|117|19980312|00:00|10||6|||||||||||||
RD|I|55|059|0019|88101|1|7|105|117|19980318|00:00|18||6|||||||||||||
RD|I|55|059|0019|88101|1|7|105|117|19980324|00:00|14||6|||||||||||||
RD|I|55|059|0019|88101|1|7|105|117|19980330|00:00|15||6|||||||||||||
RD|I|55|059|0019|88101|1|7|105|117|19980404|00:00|6||6|||||||||||||
RD|I|55|059|0019|88101|1|7|105|117|19980411|00:00|17||6|||||||||||||
RD|I|55|059|0019|88101|1|7|105|117|19980417|00:00|11||6|||||||||||||
RD|I|55|059|0019|88101|1|7|105|117|19980423|00:00|18||6|||||||||||||
RD|I|55|059|0019|88101|1|7|105|117|19980429|00:00|16||6|||||||||||||
RD|I|55|059|0019|88101|1|7|105|117|19980505|00:00|24||6|||||||||||||
RD|I|55|059|0019|88101|1|7|105|117|19980511|00:00|9||6|||||||||||||
RD|I|55|059|0019|88101|1|7|105|117|19980517|00:00|11||6|||||||||||||
RD|I|55|059|0019|88101|1|7|105|117|19980523|00:00|10||6|||||||||||||
RD|I|55|059|0019|88101|1|7|105|117|19980529|00:00|11||6|||||||||||||
RD|I|55|059|0019|88101|1|7|105|117|19980604|00:00|12||6|||||||||||||
RD|I|55|059|0019|88101|1|7|105|117|19980610|00:00|21||6|||||||||||||
RD|I|55|059|0019|88101|1|7|105|117|19980616|00:00|17||6|||||||||||||
RD|I|55|059|0019|88101|1|7|105|117|19980628|00:00|12||6|||||||||||||
RD|I|55|059|0019|88101|1|7|105|117|19980704|00:00|14||6|||||||||||||
RD|I|55|059|0019|88101|1|7|105|117|19980710|00:00|16||6|||||||||||||
RD|I|55|059|0019|88101|1|7|105|117|19980716|00:00|10||6|||||||||||||
RD|I|55|059|0019|88101|1|7|105|117|19980809|00:00|29||6|||||||||||||
RD|I|55|059|0019|88101|1|7|105|117|19980815|00:00|13||6|||||||||||||
RD|I|55|059|0019|88101|1|7|105|117|19980821|00:00|16||6|||||||||||||
RD|I|55|059|0019|88101|1|7|105|117|19980827|00:00|16||6|||||||||||||
RD|I|55|059|0019|88101|1|7|105|117|19980902|00:00|28||6|||||||||||||
RD|I|55|059|0019|88101|1|7|105|117|19980908|00:00|4||6|||||||||||||
RD|I|55|059|0019|88101|1|7|105|117|19980914|00:00|22||6|||||||||||||
RD|I|55|059|0019|88101|1|7|105|117|19980920|00:00|21||6|||||||||||||
RD|I|55|059|0019|88101|1|7|105|117|19980926|00:00|27||6|||||||||||||
RD|I|55|059|0019|88101|1|7|105|117|19981002|00:00|5||6|||||||||||||
RD|I|55|079|0010|88101|1|7|105|117|19980105|00:00|14||6|||||||||||||
RD|I|55|079|0010|88101|1|7|105|117|19980111|00:00|15||6|||||||||||||
RD|I|55|079|0010|88101|1|7|105|117|19980117|00:00|30||6|||||||||||||
RD|I|55|079|0010|88101|1|7|105|117|19980123|00:00|28||6|||||||||||||
RD|I|55|079|0010|88101|1|7|105|117|19980129|00:00|22||6|||||||||||||
RD|I|55|079|0010|88101|1|7|105|117|19980204|00:00|10||6|||||||||||||
RD|I|55|079|0010|88101|1|7|105|117|19980210|00:00|45||6|||||||||||||
RD|I|55|079|0010|88101|1|7|105|117|19980216|00:00|25||6|||||||||||||
RD|I|55|079|0010|88101|1|7|105|117|19980222|00:00|18||6|||||||||||||
RD|I|55|079|0010|88101|1|7|105|117|19980228|00:00|14||6|||||||||||||
RD|I|55|079|0010|88101|1|7|105|117|19980306|00:00|13||6|||||||||||||
RD|I|55|079|0010|88101|1|7|105|117|19980312|00:00|9||6|||||||||||||
RD|I|55|079|0010|88101|1|7|105|117|19980318|00:00|14||6|||||||||||||
RD|I|55|079|0010|88101|1|7|105|117|19980405|00:00|1||6|||||||||||||
RD|I|55|079|0010|88101|1|7|105|117|19980411|00:00|13||6|||||||||||||
RD|I|55|079|0010|88101|1|7|105|117|19980417|00:00|13||6|||||||||||||
RD|I|55|079|0010|88101|1|7|105|117|19980423|00:00|20||6|||||||||||||
RD|I|55|079|0010|88101|1|7|105|117|19980429|00:00|35||6|||||||||||||
RD|I|55|079|0010|88101|1|7|105|117|19980505|00:00|37||6|||||||||||||
RD|I|55|079|0010|88101|1|7|105|117|19980511|00:00|21||6|||||||||||||
RD|I|55|079|0010|88101|1|7|105|117|19980517|00:00|10||6|||||||||||||
RD|I|55|079|0010|88101|1|7|105|117|19980523|00:00|11||6|||||||||||||
RD|I|55|079|0010|88101|1|7|105|117|19980529|00:00|11||6|||||||||||||
RD|I|55|079|0010|88101|1|7|105|117|19980604|00:00|11||6|||||||||||||
RD|I|55|079|0010|88101|1|7|105|117|19980610|00:00|33||6|||||||||||||
RD|I|55|079|0010|88101|1|7|105|117|19980616|00:00|17||6|||||||||||||
RD|I|55|079|0010|88101|1|7|105|117|19980622|00:00|17||6|||||||||||||
RD|I|55|079|0010|88101|1|7|105|117|19980628|00:00|11||6|||||||||||||
RD|I|55|079|0010|88101|1|7|105|117|19980704|00:00|7||6|||||||||||||
RD|I|55|079|0010|88101|1|7|105|117|19980710|00:00|17||6|||||||||||||
RD|I|55|079|0010|88101|1|7|105|117|19980716|00:00|10||6|||||||||||||
RD|I|55|079|0010|88101|1|7|105|117|19980722|00:00|10||6|||||||||||||
RD|I|55|079|0010|88101|1|7|105|117|19980728|00:00|10||6|||||||||||||
RD|I|55|079|0010|88101|1|7|105|117|19980803|00:00|25||6|||||||||||||
RD|I|55|079|0010|88101|1|7|105|117|19980809|00:00|23||6|||||||||||||
RD|I|55|079|0010|88101|1|7|105|117|19980815|00:00|10||6|||||||||||||
RD|I|55|079|0010|88101|1|7|105|117|19980821|00:00|22||6|||||||||||||
RD|I|55|079|0010|88101|1|7|105|117|19980827|00:00|25||6|||||||||||||
RD|I|55|079|0010|88101|1|7|105|117|19980902|00:00|22||6|||||||||||||
RD|I|55|079|0010|88101|1|7|105|117|19980909|00:00|7||6|||||||||||||
RD|I|55|079|0010|88101|1|7|105|117|19980914|00:00|22||6|||||||||||||
RD|I|55|079|0010|88101|1|7|105|117|19980920|00:00|21||6|||||||||||||
RD|I|55|079|0010|88101|1|7|105|117|19980926|00:00|27||6|||||||||||||
RD|I|55|079|0010|88101|1|7|105|117|19981002|00:00|8||6|||||||||||||
RD|I|55|133|0027|88101|1|7|105|117|19980105|00:00|13||6|||||||||||||
RD|I|55|133|0027|88101|1|7|105|117|19980117|00:00|29||6|||||||||||||
RD|I|55|133|0027|88101|1|7|105|117|19980123|00:00|25||6|||||||||||||
RD|I|55|133|0027|88101|1|7|105|117|19980129|00:00|22||6|||||||||||||
RD|I|55|133|0027|88101|1|7|105|117|19980204|00:00|10||6|||||||||||||
RD|I|55|133|0027|88101|1|7|105|117|19980210|00:00|43||6|||||||||||||
RD|I|55|133|0027|88101|1|7|105|117|19980216|00:00|24||6|||||||||||||
RD|I|55|133|0027|88101|1|7|105|117|19980222|00:00|17||6|||||||||||||
RD|I|55|133|0027|88101|1|7|105|117|19980228|00:00|11||6|||||||||||||
RD|I|55|133|0027|88101|1|7|105|117|19980306|00:00|14||6|||||||||||||
RD|I|55|133|0027|88101|1|7|105|117|19980312|00:00|7||6|||||||||||||
RD|I|55|133|0027|88101|1|7|105|117|19980318|00:00|6||6|||||||||||||
RD|I|55|133|0027|88101|1|7|105|117|19980324|00:00|15||6|||||||||||||
RD|I|55|133|0027|88101|1|7|105|117|19980330|00:00|19||6|||||||||||||
RD|I|55|133|0027|88101|1|7|105|117|19980405|00:00|6||6|||||||||||||
RD|I|55|133|0027|88101|1|7|105|117|19980411|00:00|13||6|||||||||||||
RD|I|55|133|0027|88101|1|7|105|117|19980417|00:00|13||6|||||||||||||
RD|I|55|133|0027|88101|1|7|105|117|19980423|00:00|19||6|||||||||||||
RD|I|55|133|0027|88101|1|7|105|117|19980429|00:00|24||6|||||||||||||
RD|I|55|133|0027|88101|1|7|105|117|19980505|00:00|28||6|||||||||||||
RD|I|55|133|0027|88101|1|7|105|117|19980511|00:00|12||6|||||||||||||
RD|I|55|133|0027|88101|1|7|105|117|19980517|00:00|14||6|||||||||||||
RD|I|55|133|0027|88101|1|7|105|117|19980523|00:00|11||6|||||||||||||
RD|I|55|133|0027|88101|1|7|105|117|19980529|00:00|13||6|||||||||||||
RD|I|55|133|0027|88101|1|7|105|117|19980604|00:00|13||6|||||||||||||
RD|I|55|133|0027|88101|1|7|105|117|19980610|00:00|28||6|||||||||||||
RD|I|55|133|0027|88101|1|7|105|117|19980616|00:00|19||6|||||||||||||
RD|I|55|133|0027|88101|1|7|105|117|19980622|00:00|18||6|||||||||||||
RD|I|55|133|0027|88101|1|7|105|117|19980628|00:00|11||6|||||||||||||
RD|I|55|133|0027|88101|1|7|105|117|19980704|00:00|15||6|||||||||||||
RD|I|55|133|0027|88101|1|7|105|117|19980710|00:00|15||6|||||||||||||
RD|I|55|133|0027|88101|1|7|105|117|19980716|00:00|9||6|||||||||||||
RD|I|55|133|0027|88101|1|7|105|117|19980722|00:00|10||6|||||||||||||
RD|I|55|133|0027|88101|1|7|105|117|19980728|00:00|13||6|||||||||||||
RD|I|55|133|0027|88101|1|7|105|117|19980803|00:00|28||6|||||||||||||
RD|I|55|133|0027|88101|1|7|105|117|19980809|00:00|21||6|||||||||||||
RD|I|55|133|0027|88101|1|7|105|117|19980815|00:00|12||6|||||||||||||
RD|I|55|133|0027|88101|1|7|105|117|19980821|00:00|27||6|||||||||||||
RD|I|55|133|0027|88101|1|7|105|117|19980827|00:00|31||6|||||||||||||
RD|I|55|133|0027|88101|1|7|105|117|19980902|00:00|23||6|||||||||||||
RD|I|55|133|0027|88101|1|7|105|117|19980908|00:00|7||6|||||||||||||
RD|I|55|133|0027|88101|1|7|105|117|19980914|00:00|22||6|||||||||||||
RD|I|55|133|0027|88101|1|7|105|117|19980920|00:00|22||6|||||||||||||
RD|I|55|133|0027|88101|1|7|105|117|19980926|00:00|27||6|||||||||||||
RD|I|55|133|0027|88101|1|7|105|117|19981002|00:00|8||6|||||||||||||
RD|I|56|021|0001|88101|1|7|105|117|19981029|00:00|4.7||3|||||||||||||
RD|I|56|021|0001|88101|1|7|105|117|19981101|00:00|3.4||3|||||||||||||
RD|I|56|021|0001|88101|1|7|105|117|19981104|00:00|5.3||3|||||||||||||
RD|I|56|021|0001|88101|1|7|105|117|19981107|00:00|9.7||3|||||||||||||
RD|I|56|021|0001|88101|1|7|105|117|19981110|00:00|4.0||3|||||||||||||
RD|I|56|021|0001|88101|1|7|105|117|19981113|00:00|3.1||3|||||||||||||
RD|I|56|021|0001|88101|1|7|105|117|19981116|00:00|4.6||3|||||||||||||
RD|I|56|021|0001|88101|1|7|105|117|19981119|00:00|5.5||3|||||||||||||
RD|I|56|021|0001|88101|1|7|105|117|19981122|00:00|3.2||3|||||||||||||
RD|I|56|021|0001|88101|1|7|105|117|19981125|00:00|2.5||3|||||||||||||
RD|I|56|021|0001|88101|1|7|105|117|19981128|00:00|7.3||3|||||||||||||
RD|I|56|021|0001|88101|1|7|105|117|19981201|00:00|2.9||3|||||||||||||
RD|I|56|021|0001|88101|1|7|105|117|19981204|00:00|6.6||3|||||||||||||
RD|I|56|021|0001|88101|1|7|105|117|19981207|00:00||AO|3|||||||||||||
RD|I|56|021|0001|88101|1|7|105|117|19981210|00:00|8.3||3|||||||||||||
RD|I|56|021|0001|88101|1|7|105|117|19981213|00:00|7.3||3|||||||||||||
RD|I|56|021|0001|88101|1|7|105|117|19981216|00:00|4.4||3|||||||||||||
RD|I|56|021|0001|88101|1|7|105|117|19981219|00:00|3.5||3|||||||||||||
RD|I|56|021|0001|88101|1|7|105|117|19981222|00:00||AF|3|||||||||||||
RD|I|56|021|0001|88101|1|7|105|117|19981225|00:00|4.0||3|||||||||||||
RD|I|56|021|0001|88101|1|7|105|117|19981228|00:00||AN|3|||||||||||||
RD|I|56|021|0001|88101|1|7|105|117|19981231|00:00||AN|3|||||||||||||
RD|I|56|033|0001|88101|1|7|105|117|19981014|00:00|7.7||6|||||||||||||
RD|I|56|033|0001|88101|1|7|105|117|19981020|00:00|9.3||6|||||||||||||
RD|I|56|033|0001|88101|1|7|105|117|19981026|00:00|13.0||6|||||||||||||
RD|I|56|033|0001|88101|1|7|105|117|19981101|00:00|12.8||6|||||||||||||
RD|I|56|033|0001|88101|1|7|105|117|19981107|00:00|11.4||3|||||||||||||
RD|I|56|033|0001|88101|1|7|105|117|19981113|00:00|20.7||6|||||||||||||
RD|I|56|033|0001|88101|1|7|105|117|19981119|00:00|15.1||6|||||||||||||
RD|I|56|033|0001|88101|1|7|105|117|19981125|00:00|17.3||6|||||||||||||
RD|I|56|033|0001|88101|1|7|105|117|19981201|00:00|8.7||6|||||||||||||
RD|I|56|033|0001|88101|1|7|105|117|19981207|00:00||AO|6|||||||||||||
RD|I|56|033|0001|88101|1|7|105|117|19981213|00:00|18.5||3|||||||||||||
RD|I|56|033|0001|88101|1|7|105|117|19981216|00:00|11.3||3|||||||||||||
RD|I|56|033|0001|88101|1|7|105|117|19981219|00:00|4.1||3|||||||||||||
RD|I|56|033|0001|88101|1|7|105|117|19981222|00:00|25.7||3|||||||||||||
RD|I|56|033|0001|88101|1|7|105|117|19981225|00:00|6.6||3|||||||||||||
RD|I|56|033|0001|88101|1|7|105|117|19981228|00:00|3.9||3|||||||||||||
RD|I|56|033|0001|88101|1|7|105|117|19981231|00:00|36.8||3|||||||||||||
RD|I|56|033|0002|88101|1|7|105|117|19981014|00:00|9.5||3|||||||||||||
RD|I|56|033|0002|88101|1|7|105|117|19981017|00:00|5.5||3|||||||||||||
RD|I|56|033|0002|88101|1|7|105|117|19981020|00:00|11.1||3|||||||||||||
RD|I|56|033|0002|88101|1|7|105|117|19981023|00:00|12.7||3|||||||||||||
RD|I|56|033|0002|88101|1|7|105|117|19981026|00:00|13.3||3|||||||||||||
RD|I|56|033|0002|88101|1|7|105|117|19981029|00:00|6.5||3|||||||||||||
RD|I|56|033|0002|88101|1|7|105|117|19981101|00:00|15.5||3|||||||||||||
RD|I|56|033|0002|88101|1|7|105|117|19981104|00:00|5.5||3|||||||||||||
RD|I|56|033|0002|88101|1|7|105|117|19981107|00:00|9.3||3|||||||||||||
RD|I|56|033|0002|88101|1|7|105|117|19981110|00:00|12.0||3|||||||||||||
RD|I|56|033|0002|88101|1|7|105|117|19981113|00:00|22.0||3|||||||||||||
RD|I|56|033|0002|88101|1|7|105|117|19981116|00:00|19.5||3|||||||||||||
RD|I|56|033|0002|88101|1|7|105|117|19981119|00:00|17.1||3|||||||||||||
RD|I|56|033|0002|88101|1|7|105|117|19981122|00:00|9.3||3|||||||||||||
RD|I|56|033|0002|88101|1|7|105|117|19981125|00:00|16.9||3|||||||||||||
RD|I|56|033|0002|88101|1|7|105|117|19981128|00:00|11.3||3|||||||||||||
RD|I|56|033|0002|88101|1|7|105|117|19981201|00:00|7.6||3|||||||||||||
RD|I|56|033|0002|88101|1|7|105|117|19981204|00:00|8.3||3|||||||||||||
RD|I|56|033|0002|88101|1|7|105|117|19981207|00:00|21.1||3|||||||||||||
RD|I|56|033|0002|88101|1|7|105|117|19981210|00:00|22.3||3|||||||||||||
RD|I|56|033|0002|88101|1|7|105|117|19981213|00:00|20.4||3|||||||||||||
RD|I|56|033|0002|88101|1|7|105|117|19981216|00:00|11.8||3|||||||||||||
RD|I|56|033|0002|88101|1|7|105|117|19981219|00:00|2.9||3|||||||||||||
RD|I|56|033|0002|88101|1|7|105|117|19981222|00:00||AN|3|||||||||||||
RD|I|56|033|0002|88101|1|7|105|117|19981225|00:00|7.8||3|||||||||||||
RD|I|56|033|0002|88101|1|7|105|117|19981228|00:00|4.5||3|||||||||||||
RD|I|56|033|0002|88101|1|7|105|117|19981231|00:00|36.8||3|||||||||||||
# 639 records were written
